5.162731e+09
5.498942e+09
5.849511e+09
6.214424e+09
6.593605e+09
6.986922e+09
7.394173e+09
7.815094e+09
8.249347e+09
8.696526e+09
9.156149e+09
9.627659e+09
1.011042e+10
1.060374e+10
1.110681e+10
1.161878e+10
1.213871e+10
1.266558e+10
1.319832e+10
1.373578e+10
1.427672e+10
1.481988e+10
1.536390e+10
1.590740e+10
1.644894e+10
1.698702e+10
1.752014e+10
1.804673e+10
1.856524e+10
1.907406e+10
1.957162e+10
2.005631e+10
2.052656e+10
2.098081e+10
2.141751e+10
2.183517e+10
2.223234e+10
2.260760e+10
2.295961e+10
2.328710e+10
2.358887e+10
2.386381e+10
2.411089e+10
2.432918e+10
2.451785e+10
2.467620e+10
2.480362e+10
2.489961e+10
2.496381e+10
2.499598e+10
2.499598e+10
2.496381e+10
2.489961e+10
2.480362e+10
2.467620e+10
2.451785e+10
2.432918e+10
2.411089e+10
2.386381e+10
2.358887e+10
2.328710e+10
2.295961e+10
2.260760e+10
2.223234e+10
2.183517e+10
2.141751e+10
2.098081e+10
2.052656e+10
2.005631e+10
1.957162e+10
1.907406e+10
1.856524e+10
1.804673e+10
1.752014e+10
1.698702e+10
1.644894e+10
1.590740e+10
1.536390e+10
1.481988e+10
1.427672e+10
1.373578e+10
1.319832e+10
1.266558e+10
1.213871e+10
1.161878e+10
1.110681e+10
1.060374e+10
1.011042e+10
9.627659e+09
9.156149e+09
8.696526e+09
8.249347e+09
7.815094e+09
7.394173e+09
6.986922e+09
6.593605e+09
6.214424e+09
5.849511e+09
5.498942e+09
5.162731e+09
